0 0 0 111111111
6.0 1.0 5 101000101
7.0 2.0 5 010010101
4.0 3.0 1 010011110
6.0 3.0 3 010000010
7.0 4.0 3 000100100
6.0 5.0 1 010011110
7.0 5.0 2 000000010
7.0 2.0 5 100011100
6.0 3.0 3 000101000
7.0 2.0 5 001110001
6.0 3.0 3 000101000
7.0 2.0 5 101010010
6.0 3.0 3 010000010
7.0 1.0 6 000101111
5.0 2.0 3 000001001
5.0 3.0 2 000000010
5.0 2.0 3 000100100
4.0 3.0 1 010011110
5.0 3.0 2 000000010
6.0 3.0 3 001010000
6.0 3.0 3 100010000
6.0 2.0 4 000111000
6.0 3.0 3 010000010
7.0 4.0 3 000001001
7.0 4.0 3 110000000
7.0 5.0 2 000100000
7.0 4.0 3 011000000
7.0 5.0 2 000001000
7.0 4.0 3 000100100
6.0 5.0 1 010011110
7.0 3.0 4 011000001
7.0 3.0 4 100001100
7.0 3.0 4 001100001
7.0 3.0 4 110000100
7.0 2.0 5 010010101
4.0 3.0 1 010011110
6.0 3.0 3 010000010
7.0 4.0 3 000100100
6.0 5.0 1 010011110
7.0 5.0 2 000000010
7.0 1.0 6 011001011
5.0 2.0 3 000000011
5.0 3.0 2 000001000
5.0 2.0 3 011000000
5.0 3.0 2 000001000
6.0 3.0 3 000010100
6.0 3.0 3 100010000
6.0 2.0 4 010010010
6.0 3.0 3 000101000
7.0 4.0 3 011000000
7.0 4.0 3 000000011
7.0 4.0 3 100100000
7.0 5.0 2 010000000
7.0 4.0 3 000100100
6.0 5.0 1 010011110
7.0 5.0 2 000000010
7.0 3.0 4 101000010
7.0 3.0 4 010000101
7.0 3.0 4 101100000
7.0 3.0 4 000100101
7.0 2.0 5 001110001
6.0 3.0 3 000101000
7.0 1.0 6 110100110
5.0 2.0 3 000000110
5.0 3.0 2 000100000
5.0 2.0 3 110000000
5.0 3.0 2 000100000
6.0 3.0 3 000010001
6.0 3.0 3 001010000
6.0 2.0 4 010010010
6.0 3.0 3 000101000
7.0 4.0 3 110000000
7.0 4.0 3 000000110
7.0 4.0 3 001001000
7.0 5.0 2 010000000
7.0 4.0 3 000001001
7.0 5.0 2 000000010
7.0 3.0 4 000001101
7.0 3.0 4 010000101
7.0 3.0 4 101000010
7.0 3.0 4 101001000
7.0 2.0 5 100011100
6.0 3.0 3 000101000
7.0 1.0 6 111101000
5.0 2.0 3 001001000
5.0 3.0 2 010000000
5.0 2.0 3 100100000
5.0 3.0 2 010000000
6.0 3.0 3 000010001
6.0 3.0 3 000010100
6.0 2.0 4 000111000
6.0 3.0 3 010000010
7.0 4.0 3 001001000
7.0 4.0 3 000000110
7.0 5.0 2 000100000
7.0 4.0 3 000000011
7.0 5.0 2 000001000
7.0 4.0 3 100100000
7.0 3.0 4 100001100
7.0 3.0 4 001100001
7.0 3.0 4 001000011
7.0 3.0 4 100000110
7.0 2.0 5 101010010
6.0 3.0 3 010000010
8.0 5.0 3 100010000
8.0 5.0 3 100010000
8.0 5.0 3 001010000
8.0 5.0 3 000010100
8.0 5.0 3 000010001
8.0 5.0 3 000010100
8.0 5.0 3 001010000
8.0 5.0 3 000010001
8.0 5.0 3 100010000
8.0 5.0 3 100010000
8.0 4.0 4 100010001
8.0 4.0 4 010011000
8.0 5.0 3 001010000
8.0 5.0 3 000100010
8.0 6.0 2 000000100
8.0 4.0 4 110001000
8.0 5.0 3 101000000
8.0 4.0 4 010010010
8.0 4.0 4 100010001
8.0 4.0 4 000110010
8.0 5.0 3 010001000
8.0 6.0 2 001000000
8.0 5.0 3 000010100
8.0 4.0 4 000001110
8.0 5.0 3 000000101
8.0 4.0 4 011100000
8.0 5.0 3 101000000
8.0 4.0 4 010110000
8.0 5.0 3 100010000
8.0 5.0 3 000001010
8.0 6.0 2 000000001
8.0 4.0 4 010100100
8.0 5.0 3 100000100
8.0 4.0 4 001001010
8.0 5.0 3 001000001
8.0 4.0 4 010001001
6.0 5.0 1 010011110
8.0 5.0 3 001000001
8.0 4.0 4 000111000
8.0 4.0 4 010100100
8.0 5.0 3 100000100
8.0 4.0 4 001010100
8.0 4.0 4 100010001
8.0 4.0 4 000110010
8.0 5.0 3 010001000
8.0 6.0 2 001000000
8.0 5.0 3 000010100
8.0 4.0 4 000001110
8.0 5.0 3 000000101
8.0 4.0 4 110001000
8.0 5.0 3 101000000
8.0 4.0 4 010001001
6.0 5.0 1 010011110
8.0 5.0 3 001000001
8.0 4.0 4 001001010
8.0 5.0 3 001000001
8.0 4.0 4 001010001
8.0 4.0 4 000110010
8.0 5.0 3 010001000
8.0 6.0 2 001000000
8.0 4.0 4 000011010
8.0 5.0 3 010100000
8.0 6.0 2 100000000
8.0 4.0 4 110001000
8.0 5.0 3 101000000
8.0 4.0 4 101010000
8.0 4.0 4 010010010
8.0 4.0 4 000100011
8.0 5.0 3 000000101
8.0 4.0 4 010100100
8.0 5.0 3 100000100
8.0 4.0 4 010110000
8.0 5.0 3 000001010
8.0 6.0 2 000000001
8.0 4.0 4 000001110
8.0 5.0 3 000000101
8.0 4.0 4 010010010
8.0 4.0 4 000001110
8.0 5.0 3 000000101
8.0 4.0 4 110001000
8.0 5.0 3 101000000
8.0 4.0 4 011100000
8.0 5.0 3 101000000
8.0 4.0 4 010110000
8.0 5.0 3 000001010
8.0 6.0 2 000000001
8.0 4.0 4 010001001
6.0 5.0 1 010011110
8.0 5.0 3 001000001
8.0 4.0 4 011100000
8.0 5.0 3 101000000
8.0 4.0 4 101010000
8.0 4.0 4 001010001
8.0 4.0 4 100010001
8.0 4.0 4 010011000
8.0 5.0 3 000100010
8.0 6.0 2 000000100
8.0 4.0 4 000010101
8.0 4.0 4 010011000
8.0 5.0 3 001010000
8.0 5.0 3 000100010
8.0 6.0 2 000000100
8.0 4.0 4 000100011
8.0 5.0 3 000000101
8.0 4.0 4 100100010
8.0 5.0 3 100000100
8.0 4.0 4 000110010
8.0 5.0 3 010001000
8.0 6.0 2 001000000
8.0 4.0 4 011100000
8.0 5.0 3 101000000
8.0 4.0 4 100100010
8.0 5.0 3 100000100
8.0 4.0 4 010100100
8.0 5.0 3 100000100
8.0 4.0 4 000011010
8.0 5.0 3 010100000
8.0 6.0 2 100000000
8.0 5.0 3 000010001
8.0 4.0 4 000011010
8.0 5.0 3 010100000
8.0 6.0 2 100000000
8.0 5.0 3 000010001
8.0 4.0 4 010010010
8.0 4.0 4 010001001
6.0 5.0 1 010011110
8.0 5.0 3 001000001
8.0 5.0 3 010000010
8.0 4.0 4 010001001
6.0 5.0 1 010011110
8.0 5.0 3 001000001
8.0 4.0 4 000100011
8.0 5.0 3 000000101
8.0 4.0 4 010001001
6.0 5.0 1 010011110
8.0 5.0 3 001000001
8.0 4.0 4 001001010
8.0 5.0 3 001000001
8.0 4.0 4 001010100
8.0 4.0 4 010100100
8.0 5.0 3 100000100
8.0 4.0 4 010100100
8.0 5.0 3 100000100
8.0 4.0 4 100100010
8.0 5.0 3 100000100
8.0 4.0 4 001001010
8.0 5.0 3 001000001
8.0 4.0 4 000111000
8.0 4.0 4 000111000
8.0 4.0 4 010001001
6.0 5.0 1 010011110
8.0 5.0 3 001000001
8.0 5.0 3 010000010
8.0 4.0 4 011100000
8.0 5.0 3 101000000
8.0 4.0 4 000100011
8.0 5.0 3 000000101
8.0 4.0 4 110001000
8.0 5.0 3 101000000
8.0 4.0 4 100100010
8.0 5.0 3 100000100
8.0 4.0 4 010001001
6.0 5.0 1 010011110
8.0 5.0 3 001000001
8.0 4.0 4 011100000
8.0 5.0 3 101000000
8.0 4.0 4 000001110
8.0 5.0 3 000000101
8.0 4.0 4 010110000
8.0 5.0 3 100010000
8.0 5.0 3 000001010
8.0 6.0 2 000000001
8.0 4.0 4 010011000
8.0 5.0 3 000100010
8.0 6.0 2 000000100
8.0 4.0 4 001010100
8.0 4.0 4 100100010
8.0 5.0 3 100000100
8.0 4.0 4 000011010
8.0 5.0 3 010100000
8.0 6.0 2 100000000
8.0 4.0 4 000100011
8.0 5.0 3 000000101
8.0 4.0 4 000100011
8.0 5.0 3 000000101
8.0 4.0 4 000001110
8.0 5.0 3 000000101
8.0 4.0 4 100100010
8.0 5.0 3 100000100
8.0 4.0 4 001001010
8.0 5.0 3 001000001
8.0 4.0 4 000111000
8.0 4.0 4 001010100
8.0 4.0 4 100010100
8.0 4.0 4 100010100
8.0 4.0 4 001001010
8.0 5.0 3 001000001
8.0 4.0 4 110001000
8.0 5.0 3 101000000
8.0 4.0 4 000010101
8.0 4.0 4 010001001
6.0 5.0 1 010011110
8.0 5.0 3 001000001
8.0 5.0 3 010000010
8.0 3.0 5 101000101
8.0 3.0 5 110100001
6.0 4.0 2 000000001
8.0 5.0 3 000001010
8.0 3.0 5 001100110
6.0 4.0 2 001000000
8.0 5.0 3 010001000
8.0 3.0 5 001100110
6.0 4.0 2 001000000
8.0 5.0 3 010001000
8.0 3.0 5 001011010
7.0 4.0 3 000000011
7.0 5.0 2 000001000
8.0 5.0 3 000010100
8.0 4.0 4 011100000
8.0 5.0 3 101000000
8.0 5.0 3 000101000
8.0 4.0 4 001010001
7.0 5.0 2 000001000
8.0 3.0 5 010011001
8.0 4.0 4 001010001
7.0 5.0 2 000001000
8.0 4.0 4 000100011
8.0 5.0 3 000000101
8.0 5.0 3 000101000
8.0 4.0 4 010010010
8.0 5.0 3 000101000
8.0 3.0 5 011110000
7.0 4.0 3 100100000
7.0 5.0 2 010000000
8.0 5.0 3 000010100
8.0 4.0 4 101010000
7.0 5.0 2 010000000
8.0 4.0 4 001001010
8.0 5.0 3 010000010
8.0 5.0 3 001000001
8.0 3.0 5 001011010
8.0 4.0 4 010010010
8.0 5.0 3 000101000
8.0 4.0 4 011100000
8.0 5.0 3 101000000
8.0 5.0 3 000101000
8.0 4.0 4 001010001
7.0 5.0 2 000001000
8.0 3.0 5 011001100
6.0 4.0 2 000000100
8.0 5.0 3 000100010
8.0 3.0 5 110011000
7.0 4.0 3 001001000
7.0 5.0 2 010000000
8.0 5.0 3 000010001
8.0 4.0 4 101010000
7.0 5.0 2 010000000
8.0 4.0 4 100100010
8.0 5.0 3 010000010
8.0 5.0 3 100000100
8.0 3.0 5 001100110
6.0 4.0 2 001000000
8.0 5.0 3 010001000
8.0 3.0 5 000110011
7.0 4.0 3 000100100
6.0 5.0 1 010011110
7.0 5.0 2 000000010
8.0 5.0 3 100010000
8.0 4.0 4 010001001
6.0 5.0 1 010011110
8.0 5.0 3 001000001
8.0 5.0 3 010000010
8.0 4.0 4 000010101
7.0 5.0 2 000000010
8.0 3.0 5 110100001
6.0 4.0 2 000000001
8.0 5.0 3 000001010
8.0 3.0 5 101000101
8.0 3.0 5 011001100
6.0 4.0 2 000000100
8.0 5.0 3 000100010
8.0 3.0 5 000011110
7.0 4.0 3 000001001
7.0 5.0 2 000000010
8.0 5.0 3 001010000
8.0 4.0 4 010100100
8.0 5.0 3 100000100
8.0 5.0 3 010000010
8.0 4.0 4 000010101
7.0 5.0 2 000000010
8.0 3.0 5 110011000
8.0 4.0 4 000111000
8.0 5.0 3 010000010
8.0 4.0 4 101010000
7.0 5.0 2 010000000
8.0 4.0 4 100100010
8.0 5.0 3 010000010
8.0 5.0 3 100000100
8.0 3.0 5 110011000
7.0 4.0 3 001001000
7.0 5.0 2 010000000
8.0 5.0 3 000010001
8.0 4.0 4 101010000
7.0 5.0 2 010000000
8.0 4.0 4 100100010
8.0 5.0 3 010000010
8.0 5.0 3 100000100
8.0 3.0 5 011110000
7.0 4.0 3 100100000
7.0 5.0 2 010000000
8.0 5.0 3 000010100
8.0 4.0 4 101010000
7.0 5.0 2 010000000
8.0 4.0 4 001001010
8.0 5.0 3 010000010
8.0 5.0 3 001000001
8.0 3.0 5 011110000
8.0 4.0 4 101010000
7.0 5.0 2 010000000
8.0 4.0 4 000111000
8.0 5.0 3 010000010
8.0 4.0 4 001001010
8.0 5.0 3 010000010
8.0 5.0 3 001000001
8.0 3.0 5 100001011
6.0 4.0 2 100000000
8.0 5.0 3 010100000
8.0 3.0 5 100110010
7.0 4.0 3 000000110
7.0 5.0 2 000100000
8.0 5.0 3 000010001
8.0 4.0 4 110001000
8.0 5.0 3 000101000
8.0 5.0 3 101000000
8.0 4.0 4 100010100
7.0 5.0 2 000100000
8.0 3.0 5 010110100
7.0 4.0 3 110000000
7.0 5.0 2 000100000
8.0 5.0 3 001010000
8.0 4.0 4 100010100
7.0 5.0 2 000100000
8.0 4.0 4 000001110
8.0 5.0 3 000101000
8.0 5.0 3 000000101
8.0 3.0 5 001100110
6.0 4.0 2 001000000
8.0 5.0 3 010001000
8.0 3.0 5 010011001
7.0 4.0 3 011000000
7.0 5.0 2 000001000
8.0 5.0 3 100010000
8.0 4.0 4 001010001
7.0 5.0 2 000001000
8.0 4.0 4 000100011
8.0 5.0 3 000000101
8.0 5.0 3 000101000
8.0 3.0 5 110100001
6.0 4.0 2 000000001
8.0 5.0 3 000001010
8.0 3.0 5 100001011
6.0 4.0 2 100000000
8.0 5.0 3 010100000
8.0 3.0 5 100001011
6.0 4.0 2 100000000
8.0 5.0 3 010100000
8.0 3.0 5 000011110
7.0 4.0 3 000001001
7.0 5.0 2 000000010
8.0 5.0 3 001010000
8.0 4.0 4 010100100
8.0 5.0 3 100000100
8.0 5.0 3 010000010
8.0 4.0 4 000010101
7.0 5.0 2 000000010
8.0 3.0 5 101000101
8.0 3.0 5 000110011
7.0 4.0 3 000100100
6.0 5.0 1 010011110
7.0 5.0 2 000000010
8.0 5.0 3 100010000
8.0 4.0 4 010001001
6.0 5.0 1 010011110
8.0 5.0 3 001000001
8.0 5.0 3 010000010
8.0 4.0 4 000010101
7.0 5.0 2 000000010
8.0 3.0 5 000110011
8.0 4.0 4 010001001
6.0 5.0 1 010011110
8.0 5.0 3 001000001
8.0 5.0 3 010000010
8.0 4.0 4 000010101
7.0 5.0 2 000000010
8.0 4.0 4 000111000
8.0 5.0 3 010000010
8.0 3.0 5 100001011
6.0 4.0 2 100000000
8.0 5.0 3 010100000
8.0 3.0 5 001011010
7.0 4.0 3 000000011
7.0 5.0 2 000001000
8.0 5.0 3 000010100
8.0 4.0 4 011100000
8.0 5.0 3 101000000
8.0 5.0 3 000101000
8.0 4.0 4 001010001
7.0 5.0 2 000001000
8.0 3.0 5 100110010
7.0 4.0 3 000000110
7.0 5.0 2 000100000
8.0 5.0 3 000010001
8.0 4.0 4 110001000
8.0 5.0 3 000101000
8.0 5.0 3 101000000
8.0 4.0 4 100010100
7.0 5.0 2 000100000
8.0 3.0 5 101000101
8.0 3.0 5 010110100
8.0 4.0 4 100010100
7.0 5.0 2 000100000
8.0 4.0 4 000001110
8.0 5.0 3 000101000
8.0 5.0 3 000000101
8.0 4.0 4 010010010
8.0 5.0 3 000101000
8.0 3.0 5 011001100
6.0 4.0 2 000000100
8.0 5.0 3 000100010
8.0 3.0 5 010110100
7.0 4.0 3 110000000
7.0 5.0 2 000100000
8.0 5.0 3 001010000
8.0 4.0 4 100010100
7.0 5.0 2 000100000
8.0 4.0 4 000001110
8.0 5.0 3 000101000
8.0 5.0 3 000000101
8.0 3.0 5 010011001
7.0 4.0 3 011000000
7.0 5.0 2 000001000
8.0 5.0 3 100010000
8.0 4.0 4 001010001
7.0 5.0 2 000001000
8.0 4.0 4 000100011
8.0 5.0 3 000000101
8.0 5.0 3 000101000
8.0 3.0 5 110100001
6.0 4.0 2 000000001
8.0 5.0 3 000001010
8.0 3.0 5 011001100
6.0 4.0 2 000000100
8.0 5.0 3 000100010
8.0 3.0 5 100110010
8.0 4.0 4 010010010
8.0 5.0 3 000101000
8.0 4.0 4 110001000
8.0 5.0 3 000101000
8.0 5.0 3 101000000
8.0 4.0 4 100010100
7.0 5.0 2 000100000
8.0 3.0 5 000011110
8.0 4.0 4 010100100
8.0 5.0 3 100000100
8.0 5.0 3 010000010
8.0 4.0 4 000111000
8.0 5.0 3 010000010
8.0 4.0 4 000010101
7.0 5.0 2 000000010
8.0 2.0 6 001110110
6.0 3.0 3 001010000
7.0 4.0 3 110000000
7.0 5.0 2 000100000
7.0 4.0 3 000001001
7.0 5.0 2 000000010
7.0 3.0 4 101000010
7.0 3.0 4 001100001
8.0 4.0 4 010011000
8.0 5.0 3 000100010
8.0 6.0 2 000000100
8.0 4.0 4 010010010
8.0 5.0 3 000101000
8.0 4.0 4 000111000
8.0 5.0 3 010000010
8.0 3.0 5 011001100
6.0 4.0 2 000000100
8.0 5.0 3 000100010
8.0 2.0 6 100011011
6.0 3.0 3 100010000
7.0 4.0 3 011000000
7.0 5.0 2 000001000
7.0 4.0 3 000100100
6.0 5.0 1 010011110
7.0 5.0 2 000000010
7.0 3.0 4 101000010
7.0 3.0 4 100001100
8.0 4.0 4 010110000
8.0 5.0 3 000001010
8.0 6.0 2 000000001
8.0 4.0 4 010010010
8.0 5.0 3 000101000
8.0 4.0 4 000111000
8.0 5.0 3 010000010
8.0 3.0 5 110100001
6.0 4.0 2 000000001
8.0 5.0 3 000001010
8.0 2.0 6 101001110
4.0 3.0 1 010011110
7.0 4.0 3 000100100
6.0 5.0 1 010011110
7.0 5.0 2 000000010
8.0 5.0 3 100010000
8.0 4.0 4 010001001
6.0 5.0 1 010011110
8.0 5.0 3 001000001
8.0 5.0 3 010000010
8.0 3.0 5 110000110
5.0 4.0 1 000100110
